v2.0 raw
20 5f 40 01
20 4f 40 01
20 6f 01 00
40 65 ec ff
20 6f 07 00
40 65 f0 ff
20 6f 04 00
40 65 f4 ff
20 6f 02 00
40 65 f8 ff
20 6f 09 00
40 65 dc ff
20 6f 03 00
40 65 e0 ff
20 6f 06 00
40 65 e4 ff
20 6f 08 00
40 65 e8 ff
20 6f 04 00
40 65 fc ff
20 6f 00 00
40 65 00 00
10 50      
20 6f ec ff
50 06      
10 53      
20 6f dc ff
50 36      
10 51      
20 6f cc ff
50 16      
10 52      
20 6f 00 00
50 26      
20 6f 00 00
30 60 00 00
20 7f 00 00
30 73 00 00
50 76      
40 71 00 00
20 6f 04 00
50 06      
50 36      
50 16      
20 6f 01 00
20 7f 00 00
30 72 00 00
50 76      
40 72 00 00
20 6f ff ff
51 76      
30 65 fc ff
50 67      
30 72 00 00
61 c0 00
60 78 00
00        